市区町村コード
01515
01558
01572
03305
03487
04423
04442
04548
04603
05423
06441
07309
07321
07441
09207
09321
09341
09367
09422
10303
10342
10363
11204
11213
11226
11401
11421
11424
11425
11445
11446
11461
11462
12325
12328
12402
14209
15308
15441
15541
15542
15584
16301
16381
16384
17343
17344
20581
20589
21481
21483
21523
21563
21567
21569
22201
22202
22361
22381
22382
22383
22503
23345
23421
23422
23423
23481
23482
23483
23521
23603
24302
24322
24382
24384
24405
24422
25205
25361
25381
25421
25502
27201
28624
29382
30403
31368
31381
32301
32304
32383
32385
32503
33201
33303
33321
33322
33323
33645
33646
34402
35421
35461
35462
35504
36422
36466
37381
38209
38302
38385
38404
39383
40305
40444
40463
40483
40541
40543
40545
40546
40641
41302
41303
41304
41324
41364
41443
42206
42342
42382
42388
42389
42421
43201
43322
43361
43365
43385
43422
43427
43430
43463
44321
44501
44522
45301
45321
45322
45345
45362
46207
46209
46211
46302
46344
46383
46421
46441
46442
46443
46467
46485
47202
